0.217267 0.377463 0.841006 0.260000
0.217034 0.380249 0.841126 0.264000
0.216733 0.383029 0.841335 0.268000
0.216364 0.385803 0.841631 0.272000
0.215929 0.388570 0.842016 0.276000
0.215430 0.391328 0.842488 0.280000
0.214868 0.394076 0.843048 0.284000
0.214244 0.396812 0.843696 0.288000
0.213560 0.399535 0.844431 0.292000
0.212816 0.402245 0.845253 0.296000
0.212015 0.404938 0.846162 0.300000
0.211158 0.407615 0.847156 0.304000
0.210245 0.410274 0.848235 0.308000
0.209279 0.412913 0.849398 0.312000
0.208260 0.415532 0.850644 0.316000
0.207189 0.418128 0.851971 0.320000
0.206068 0.420700 0.853380 0.324000
0.204898 0.423247 0.854868 0.328000
0.203680 0.425767 0.856433 0.332000
0.202416 0.428260 0.858073 0.336000
0.201106 0.430722 0.859788 0.340000
0.199751 0.433153 0.861574 0.344000
0.198354 0.435552 0.863428 0.348000
0.196915 0.437915 0.865349 0.352000
0.195436 0.440243 0.867332 0.356000
0.193917 0.442532 0.869375 0.360000
0.192361 0.444782 0.871474 0.364000
0.190767 0.446990 0.873624 0.368000
0.189138 0.449154 0.875821 0.372000
0.187475 0.451274 0.878060 0.376000
0.185779 0.453347 0.880332 0.380000
0.184051 0.455372 0.882631 0.384000
0.182292 0.457348 0.884948 0.388000
0.180504 0.459274 0.887275 0.392000
0.178688 0.461149 0.889603 0.396000
0.176846 0.462972 0.891924 0.400000
0.174978 0.464742 0.894226 0.404000
0.173088 0.466458 0.896502 0.408000
0.171175 0.468121 0.898743 0.412000
0.169243 0.469729 0.900938 0.416000
0.167292 0.471283 0.903080 0.420000
0.165325 0.472781 0.905159 0.424000
0.163343 0.474223 0.907172 0.428000
0.161347 0.475612 0.909114 0.432000
0.159340 0.476946 0.910983 0.436000
0.157321 0.478227 0.912777 0.440000
0.155293 0.479454 0.914495 0.444000
0.153256 0.480629 0.916136 0.448000
0.151213 0.481753 0.917699 0.452000
0.149163 0.482824 0.919182 0.456000
0.147109 0.483844 0.920588 0.460000
0.145051 0.484813 0.921914 0.464000
0.142990 0.485731 0.923162 0.468000
0.140929 0.486598 0.924330 0.472000
0.138867 0.487414 0.925421 0.476000
0.136806 0.488178 0.926433 0.480000
0.134747 0.488891 0.927368 0.484000
0.132692 0.489551 0.928225 0.488000
0.130641 0.490158 0.929004 0.492000
0.128595 0.490710 0.929704 0.496000
0.126557 0.491208 0.930327 0.500000
0.124527 0.491649 0.930872 0.504000
0.122505 0.492035 0.931343 0.508000
0.120492 0.492366 0.931747 0.512001
0.118489 0.492644 0.932087 0.516001
0.116496 0.492868 0.932370 0.520001
0.114513 0.493040 0.932599 0.524001
0.112541 0.493161 0.932781 0.528001
0.110581 0.493230 0.932920 0.532001
0.108632 0.493249 0.933020 0.536001
0.106696 0.493216 0.933086 0.540001
0.104772 0.493134 0.933122 0.544001
0.102862 0.493002 0.933133 0.548001
0.100965 0.492819 0.933122 0.552001
0.099081 0.492586 0.933094 0.556001
0.097212 0.492303 0.933053 0.560001
0.095357 0.491969 0.933002 0.564001
0.093517 0.491585 0.932946 0.568001
0.091692 0.491148 0.932886 0.572001
0.089883 0.490660 0.932828 0.576001
0.088089 0.490119 0.932774 0.580001
0.086312 0.489525 0.932728 0.584001
0.084552 0.488876 0.932693 0.588001
0.082807 0.488172 0.932672 0.592001
0.081081 0.487411 0.932664 0.596001
0.079374 0.486586 0.932666 0.600001
0.077686 0.485696 0.932674 0.604001
0.076020 0.484732 0.932684 0.608001
0.074377 0.483691 0.932690 0.612001
0.072758 0.482566 0.932690 0.616001
0.071165 0.481351 0.932681 0.620001
0.069600 0.480037 0.932657 0.624001
0.068064 0.478623 0.932620 0.628001
0.066559 0.477096 0.932564 0.632001
0.065086 0.475453 0.932489 0.636001
0.063647 0.473686 0.932394 0.640001
0.062245 0.471786 0.932276 0.644001
0.060878 0.469750 0.932140 0.648001
0.059551 0.467570 0.931983 0.652001
0.058263 0.465240 0.931808 0.656001
0.057017 0.462754 0.931615 0.660001
0.055814 0.460108 0.931409 0.664001
0.054654 0.457298 0.931191 0.668001
0.053538 0.454320 0.930967 0.672001
0.052468 0.451171 0.930738 0.676001
0.051444 0.447850 0.930509 0.680001
0.050467 0.444355 0.930285 0.684001
0.049538 0.440687 0.930070 0.688001
0.048656 0.436847 0.929870 0.692001
0.047824 0.432836 0.929687 0.696001
0.047042 0.428657 0.929525 0.700001
0.046309 0.424313 0.929391 0.704001
0.045628 0.419812 0.929285 0.708001
0.044997 0.415157 0.929214 0.712001
0.044419 0.410357 0.929178 0.716001
0.043894 0.405420 0.929182 0.720001
0.043423 0.400356 0.929228 0.724001
0.043006 0.395176 0.929316 0.728001
0.042644 0.389892 0.929447 0.732001
0.042339 0.384519 0.929623 0.736001
0.042092 0.379071 0.929843 0.740001
0.041905 0.373564 0.930103 0.744001
0.041778 0.368017 0.930406 0.748001
0.041713 0.362448 0.930751 0.752001
0.041709 0.356877 0.931140 0.756001
0.041765 0.351321 0.931578 0.760001
0.041880 0.345800 0.932063 0.764001
0.042053 0.340331 0.932599 0.768001
0.042284 0.334930 0.933185 0.772001
0.042570 0.329613 0.933820 0.776001
0.042913 0.324397 0.934502 0.780001
0.043311 0.319293 0.935231 0.784001
0.043764 0.314318 0.936003 0.788001
0.044272 0.309483 0.936813 0.792001
0.044835 0.304799 0.937659 0.796001
0.045452 0.300279 0.938533 0.800001
0.046124 0.295931 0.939431 0.804001
0.046851 0.291765 0.940346 0.808001
0.047632 0.287789 0.941270 0.812001
0.048469 0.284010 0.942195 0.816001
0.049362 0.280433 0.943113 0.820001
0.050310 0.277065 0.944015 0.824001
0.051313 0.273906 0.944891 0.828001
0.052372 0.270960 0.945733 0.832001
0.053485 0.268225 0.946533 0.836001
0.054653 0.265701 0.947282 0.840001
0.055874 0.263382 0.947974 0.844001
0.057147 0.261262 0.948605 0.848001
0.058472 0.259338 0.949167 0.852001
0.059844 0.257592 0.949665 0.856001
0.061264 0.256024 0.950091 0.860001
0.062729 0.254615 0.950450 0.864001
0.064235 0.253358 0.950744 0.868001
0.065782 0.252238 0.950976 0.872001
0.067365 0.251244 0.951150 0.876001
0.068983 0.250364 0.951274 0.880001
0.070633 0.249586 0.951352 0.884001
0.072312 0.248900 0.951392 0.888001
0.074019 0.248297 0.951400 0.892001
0.075751 0.247766 0.951383 0.896001
0.077505 0.247299 0.951349 0.900001
0.079280 0.246889 0.951304 0.904001
0.081075 0.246529 0.951257 0.908001
0.082887 0.246212 0.951212 0.912001
0.084714 0.245934 0.951176 0.916001
0.086557 0.245692 0.951151 0.920001
0.088415 0.245487 0.951132 0.924001
0.090287 0.245318 0.951116 0.928001
0.092174 0.245186 0.951102 0.932001
0.094074 0.245090 0.951085 0.936001
0.095987 0.245031 0.951061 0.940001
0.097914 0.245009 0.951029 0.944001
0.099853 0.245024 0.950983 0.948001
0.101806 0.245078 0.950919 0.952001
0.103769 0.245169 0.950835 0.956001
0.105745 0.245299 0.950726 0.960001
0.107732 0.245468 0.950587 0.964001
0.109730 0.245677 0.950414 0.968001
0.111738 0.245928 0.950203 0.972001
0.113757 0.246219 0.949949 0.976001
0.115786 0.246553 0.949646 0.980001
0.117823 0.246931 0.949291 0.984001
0.119870 0.247352 0.948878 0.988001
0.121925 0.247820 0.948401 0.992001
0.123988 0.248333 0.947855 0.996001
0.125541 0.248750 0.947397 0.999002
0.217267 0.377463 0.841006 0.260000
0.217458 0.373976 0.840978 0.255000
0.217535 0.370486 0.841087 0.250000
0.217497 0.366996 0.841335 0.245000
0.217346 0.363507 0.841722 0.240000
0.217084 0.360023 0.842251 0.235000
0.216714 0.356547 0.842921 0.230000
0.216239 0.353080 0.843733 0.225000
0.215662 0.349625 0.844688 0.220000
0.214985 0.346185 0.845787 0.215000
0.214211 0.342763 0.847028 0.210000
0.213342 0.339362 0.848413 0.205000
0.212380 0.335983 0.849940 0.200000
0.211328 0.332631 0.851609 0.195000
0.210188 0.329307 0.853418 0.190000
0.208962 0.326015 0.855367 0.185000
0.207653 0.322757 0.857454 0.180000
0.206262 0.319538 0.859677 0.175000
0.204793 0.316359 0.862034 0.170000
0.203247 0.313224 0.864520 0.165000
0.201627 0.310138 0.867134 0.160000
0.199934 0.307103 0.869869 0.155000
0.198172 0.304124 0.872722 0.150000
0.196343 0.301203 0.875686 0.145000
0.194448 0.298346 0.878753 0.140000
0.192490 0.295556 0.881911 0.135000
0.190472 0.292835 0.885144 0.130000
0.188394 0.290186 0.888437 0.125000
0.186260 0.287612 0.891773 0.120000
0.184072 0.285114 0.895131 0.115000
0.181832 0.282694 0.898494 0.110000
0.179545 0.280352 0.901839 0.105000
0.177212 0.278090 0.905149 0.100000
0.174838 0.275907 0.908401 0.095000
0.172425 0.273804 0.911579 0.090000
0.169979 0.271781 0.914664 0.085000
0.167502 0.269838 0.917638 0.080000
0.164998 0.267975 0.920488 0.075000
0.162472 0.266192 0.923206 0.070000
0.159925 0.264485 0.925787 0.065000
0.157361 0.262855 0.928232 0.060000
0.154782 0.261300 0.930539 0.055000
0.152190 0.259817 0.932710 0.050000
0.149587 0.258407 0.934744 0.045000
0.146977 0.257068 0.936645 0.040000
0.144360 0.255800 0.938414 0.035000
0.141740 0.254601 0.940053 0.030000
0.139119 0.253472 0.941563 0.025000
0.136497 0.252414 0.942947 0.020000
0.133879 0.251426 0.944205 0.015000
0.131265 0.250509 0.945339 0.010000
0.128657 0.249664 0.946350 0.005000
0.126110 0.248909 0.947219 0.000100
