0.614286 0.375000 0.955471 0.250000
0.614264 0.378084 0.955498 0.254000
0.614209 0.381164 0.955584 0.258000
0.614118 0.384238 0.955726 0.262000
0.613991 0.387300 0.955922 0.266000
0.613829 0.390349 0.956170 0.270000
0.613629 0.393380 0.956465 0.274000
0.613393 0.396391 0.956806 0.278000
0.613119 0.399377 0.957188 0.282000
0.612806 0.402336 0.957608 0.286000
0.612455 0.405265 0.958064 0.290000
0.612065 0.408160 0.958551 0.294000
0.611635 0.411018 0.959067 0.298000
0.611166 0.413837 0.959606 0.302000
0.610657 0.416614 0.960167 0.306000
0.610107 0.419346 0.960744 0.310000
0.609517 0.422031 0.961335 0.314000
0.608886 0.424667 0.961936 0.318000
0.608215 0.427250 0.962544 0.322000
0.607503 0.429780 0.963154 0.326000
0.606751 0.432254 0.963764 0.330000
0.605958 0.434671 0.964369 0.334000
0.605125 0.437030 0.964967 0.338000
0.604252 0.439328 0.965554 0.342000
0.603339 0.441566 0.966128 0.346000
0.602386 0.443743 0.966684 0.350000
0.601393 0.445857 0.967221 0.354000
0.600362 0.447909 0.967735 0.358000
0.599291 0.449899 0.968224 0.362000
0.598182 0.451826 0.968684 0.366000
0.597034 0.453692 0.969115 0.370000
0.595848 0.455496 0.969514 0.374000
0.594623 0.457240 0.969878 0.378000
0.593360 0.458925 0.970207 0.382000
0.592058 0.460551 0.970497 0.386000
0.590717 0.462120 0.970747 0.390000
0.589337 0.463635 0.970957 0.394000
0.587918 0.465096 0.971125 0.398000
0.586458 0.466506 0.971249 0.402000
0.584958 0.467868 0.971329 0.406000
0.583415 0.469183 0.971364 0.410000
0.581830 0.470455 0.971353 0.414000
0.580201 0.471686 0.971296 0.418000
0.578528 0.472877 0.971192 0.422000
0.576811 0.474031 0.971041 0.426000
0.575049 0.475147 0.970841 0.430000
0.573244 0.476229 0.970593 0.434000
0.571393 0.477278 0.970296 0.438000
0.569497 0.478294 0.969950 0.442000
0.567555 0.479279 0.969554 0.446000
0.565568 0.480234 0.969108 0.450000
0.563534 0.481160 0.968613 0.454000
0.561454 0.482056 0.968067 0.458000
0.559328 0.482924 0.967471 0.462000
0.557154 0.483763 0.966823 0.466000
0.554934 0.484573 0.966125 0.470000
0.552667 0.485353 0.965374 0.474000
0.550354 0.486102 0.964571 0.478000
0.547994 0.486819 0.963714 0.482000
0.545587 0.487500 0.962803 0.486000
0.543135 0.488145 0.961836 0.490000
0.540638 0.488748 0.960810 0.494000
0.538097 0.489306 0.959725 0.498001
0.535512 0.489814 0.958576 0.502001
0.532886 0.490268 0.957362 0.506001
0.530222 0.490663 0.956082 0.510001
0.527520 0.490995 0.954735 0.514001
0.524785 0.491258 0.953318 0.518001
0.522020 0.491446 0.951830 0.522001
0.519227 0.491550 0.950267 0.526001
0.516412 0.491565 0.948626 0.530001
0.513579 0.491481 0.946903 0.534001
0.510732 0.491291 0.945096 0.538001
0.507877 0.490986 0.943201 0.542001
0.505019 0.490558 0.941217 0.546001
0.502164 0.490000 0.939143 0.550001
0.499318 0.489307 0.936980 0.554001
0.496486 0.488474 0.934732 0.558001
0.493674 0.487506 0.932405 0.562001
0.490885 0.486405 0.930006 0.566001
0.488125 0.485178 0.927545 0.570001
0.485398 0.483830 0.925034 0.574001
0.482706 0.482365 0.922484 0.578001
0.480054 0.480791 0.919908 0.582001
0.477445 0.479114 0.917320 0.586001
0.474880 0.477340 0.914733 0.590001
0.472361 0.475475 0.912160 0.594001
0.469890 0.473527 0.909614 0.598001
0.467468 0.471501 0.907106 0.602001
0.465095 0.469404 0.904646 0.606001
0.462772 0.467241 0.902243 0.610001
0.460498 0.465019 0.899905 0.614001
0.458274 0.462742 0.897638 0.618001
0.456101 0.460417 0.895444 0.622001
0.453979 0.458049 0.893324 0.626001
0.451910 0.455642 0.891278 0.630001
0.449894 0.453201 0.889306 0.634001
0.447933 0.450728 0.887408 0.638001
0.446028 0.448226 0.885582 0.642001
0.444179 0.445699 0.883830 0.646001
0.442388 0.443147 0.882148 0.650001
0.440655 0.440575 0.880537 0.654001
0.438982 0.437981 0.878995 0.658001
0.437370 0.435370 0.877522 0.662001
0.435819 0.432740 0.876116 0.666001
0.434330 0.430095 0.874778 0.670001
0.432905 0.427434 0.873507 0.674001
0.431544 0.424759 0.872302 0.678001
0.430248 0.422070 0.871162 0.682001
0.429018 0.419368 0.870088 0.686001
0.427855 0.416654 0.869079 0.690001
0.426759 0.413929 0.868135 0.694001
0.425732 0.411193 0.867257 0.698001
0.424774 0.408448 0.866443 0.702001
0.423886 0.405693 0.865695 0.706001
0.423069 0.402930 0.865012 0.710001
0.422324 0.400159 0.864394 0.714001
0.421653 0.397381 0.863841 0.718001
0.421055 0.394597 0.863354 0.722001
0.420532 0.391808 0.862933 0.726001
0.420086 0.389014 0.862576 0.730001
0.419718 0.386216 0.862285 0.734001
0.419428 0.383414 0.862059 0.738001
0.419220 0.380611 0.861898 0.742001
0.419093 0.377805 0.861802 0.746001
0.419050 0.374999 0.861770 0.750001
0.419093 0.372193 0.861802 0.754001
0.419220 0.369388 0.861898 0.758001
0.419428 0.366584 0.862059 0.762001
0.419718 0.363783 0.862285 0.766001
0.420086 0.360985 0.862576 0.770001
0.420533 0.358191 0.862933 0.774001
0.421055 0.355401 0.863355 0.778001
0.421653 0.352617 0.863842 0.782001
0.422325 0.349839 0.864394 0.786001
0.423070 0.347069 0.865012 0.790001
0.423886 0.344306 0.865695 0.794001
0.424774 0.341551 0.866444 0.798001
0.425732 0.338805 0.867257 0.802001
0.426760 0.336070 0.868136 0.806001
0.427855 0.333345 0.869079 0.810001
0.429019 0.330631 0.870088 0.814001
0.430249 0.327929 0.871163 0.818001
0.431545 0.325240 0.872302 0.822001
0.432906 0.322565 0.873508 0.826001
0.434331 0.319904 0.874779 0.830001
0.435819 0.317258 0.876117 0.834001
0.437370 0.314629 0.877523 0.838001
0.438983 0.312017 0.878996 0.842001
0.440656 0.309424 0.880538 0.846001
0.442389 0.306851 0.882149 0.850001
0.444180 0.304300 0.883831 0.854001
0.446029 0.301773 0.885584 0.858001
0.447934 0.299271 0.887409 0.862001
0.449895 0.296798 0.889307 0.866001
0.451911 0.294356 0.891279 0.870001
0.453980 0.291949 0.893325 0.874001
0.456102 0.289581 0.895445 0.878001
0.458275 0.287256 0.897639 0.882001
0.460499 0.284980 0.899906 0.886001
0.462773 0.282757 0.902244 0.890001
0.465097 0.280595 0.904647 0.894001
0.467470 0.278498 0.907107 0.898001
0.469894 0.276472 0.909616 0.902001
0.472367 0.274524 0.912163 0.906001
0.474889 0.272660 0.914737 0.910001
0.477458 0.270886 0.917325 0.914001
0.480075 0.269209 0.919915 0.918001
0.482735 0.267636 0.922494 0.922001
0.485438 0.266172 0.925048 0.926001
0.488179 0.264826 0.927565 0.930001
0.490955 0.263601 0.930031 0.934001
0.493761 0.262505 0.932437 0.938001
0.496594 0.261541 0.934773 0.942001
0.499449 0.260715 0.937031 0.946001
0.502320 0.260028 0.939205 0.950001
0.505201 0.259479 0.941292 0.954001
0.508086 0.259060 0.943290 0.958001
0.510970 0.258765 0.945200 0.962001
0.513846 0.258584 0.947024 0.966001
0.516708 0.258510 0.948765 0.970001
0.519553 0.258534 0.950426 0.974001
0.522374 0.258648 0.952010 0.978001
0.525168 0.258843 0.953521 0.982001
0.527931 0.259113 0.954962 0.986001
0.530659 0.259451 0.956333 0.990001
0.533350 0.259851 0.957639 0.994002
0.535999 0.260308 0.958878 0.998001
0.536655 0.260430 0.959178 0.999002
0.614286 0.375000 0.955471 0.250000
0.614263 0.371145 0.955523 0.245000
0.614187 0.367297 0.955667 0.240000
0.614056 0.363463 0.955896 0.235000
0.613869 0.359649 0.956208 0.230000
0.613624 0.355863 0.956594 0.225000
0.613323 0.352109 0.957051 0.220000
0.612962 0.348396 0.957571 0.215000
0.612542 0.344728 0.958147 0.210000
0.612061 0.341113 0.958774 0.205000
0.611520 0.337556 0.959444 0.200000
0.610917 0.334062 0.960150 0.195000
0.610252 0.330637 0.960885 0.190000
0.609525 0.327285 0.961643 0.185000
0.608735 0.324012 0.962416 0.180000
0.607882 0.320821 0.963196 0.175000
0.606967 0.317715 0.963979 0.170000
0.605990 0.314699 0.964755 0.165000
0.604950 0.311775 0.965520 0.160000
0.603848 0.308945 0.966266 0.155000
0.602685 0.306211 0.966987 0.150000
0.601461 0.303574 0.967678 0.145000
0.600175 0.301035 0.968333 0.140000
0.598829 0.298594 0.968946 0.135000
0.597423 0.296250 0.969514 0.130000
0.595956 0.294002 0.970030 0.125000
0.594429 0.291850 0.970491 0.120000
0.592842 0.289790 0.970894 0.115000
0.591193 0.287821 0.971234 0.110000
0.589483 0.285939 0.971509 0.105000
0.587710 0.284141 0.971716 0.100000
0.585873 0.282422 0.971852 0.095000
0.583970 0.280778 0.971916 0.090000
0.581999 0.279203 0.971907 0.085000
0.579958 0.277693 0.971822 0.080000
0.577847 0.276245 0.971660 0.075000
0.575664 0.274855 0.971420 0.070000
0.573409 0.273520 0.971102 0.065000
0.571082 0.272237 0.970704 0.060000
0.568681 0.271004 0.970226 0.055000
0.566206 0.269818 0.969667 0.050000
0.563656 0.268678 0.969027 0.045000
0.561030 0.267583 0.968305 0.040000
0.558329 0.266532 0.967500 0.035000
0.555552 0.265525 0.966613 0.030000
0.552698 0.264563 0.965642 0.025000
0.549769 0.263649 0.964586 0.020000
0.546764 0.262786 0.963444 0.015000
0.543684 0.261978 0.962214 0.010000
0.540532 0.261232 0.960891 0.005000
0.537373 0.260569 0.959502 0.000100
